0.042564008703963555 0.23012628881703373 0.09916010818945356 0.3064181563052895 0.2651455066804954 0.05658593130376426
0.07569046378322043 0.3137050547159979 0.08754559666492966 0.3193069306930693 0.17926003126628454 0.024491922876498175
0.040776699029126215 0.22887566551832134 0.09602254932665205 0.3142499217037269 0.26520513623551517 0.054870028186658315
0.05225510085626945 0.23190584905556078 0.12205571002924251 0.25459229081099605 0.26887634673108496 0.07031470251684623
0.047861837108746065 0.23826111611799136 0.10480694257389649 0.2935100705801343 0.25897947404129495 0.056580559577936874
0.02759433962264151 0.19103773584905662 0.09127358490566037 0.31485849056603776 0.30424528301886794 0.07099056603773585
0.03378667350953725 0.19758788811906594 0.10435377640920367 0.2840325891711573 0.3013215293815756 0.07891754340946026
0.07421930141004125 0.2853908851838491 0.11221251522708618 0.2718812574828385 0.2144653397535434 0.041830700942641595
0.024234412866270105 0.17713152676801058 0.08812513769552766 0.3163062978000189 0.3163062978000189 0.0778963270701539
0.08620911666237445 0.30633530775173834 0.11048158640226628 0.2680433942827711 0.19440509915014165 0.034525495750708214
0.04829834040670319 0.2492817569378229 0.09503866983254498 0.31808352185266203 0.24329899477131514 0.04599871619895177
0.07189007189007189 0.3094003094003094 0.08554008554008553 0.3268040768040768 0.18177268177268177 0.02459277459277459
0.04963882819815401 0.23554643955945959 0.11124537387969857 0.278343811774498 0.2632199283601611 0.06200561822802871
0.11516890740886337 0.3276463034305632 0.12194354902114946 0.23092093193909374 0.1725371491469455 0.0317831590533847
0.07161213798556884 0.2624295739843827 0.13076999110408224 0.23813053935619913 0.23813053935619913 0.058927218213567924
0.028711497548792896 0.1914099836586193 0.09151789843677735 0.31474115869638947 0.3019147164924614 0.07170474516695957
0.09184118994706658 0.3112131514268474 0.1123032167228379 0.26148321485863985 0.18929459725962883 0.03386462978497947
0.025158668553947307 0.1836141424288084 0.0856277491134347 0.3276562714031323 0.3070788244068003 0.07086434409387699
0.03002812457127178 0.1995987103855124 0.08831801344491699 0.3274969131568116 0.2906777335711346 0.06388050487035259
0.023291925465838508 0.17857142857142858 0.08540372670807453 0.325 0.3142857142857143 0.0734472049689441
0.04541266289324734 0.18568733271905577 0.15339388355052433 0.18366899214602256 0.30678776710104866 0.12504936159010135
0.0336783042394015 0.19745635910224438 0.1042643391521197 0.2841770573566085 0.3015211970074813 0.07890274314214464
0.0407990305180867 0.22944405281458657 0.09452448654685433 0.3182973869927843 0.26318582528731993 0.05374921784036815
0.07920318725099601 0.26702788844621517 0.14030278884462152 0.2200159362549801 0.2331792828685259 0.060270916334661355
0.021245421245421246 0.17148090005232863 0.08194662480376766 0.3311355311355311 0.31930926216640504 0.0748822605965463
0.087735290096167 0.2957932637527916 0.12232806161979855 0.24705460097534296 0.20503851237409415 0.04205027118180575
0.02666666666666667 0.19733333333333333 0.08266666666666667 0.342984126984127 0.2913015873015873 0.05904761904761905
0.03441981747066493 0.2053715775749674 0.09809647979139505 0.302965509067204 0.29023586582908617 0.06891075026668247
0.031396607722843736 0.19928124624082763 0.09331769517623 0.31335258029592206 0.2941116323830146 0.06854023818116203
0.038526383757219215 0.205761021630735 0.11062883380564623 0.2726333536607239 0.2937810142172161 0.07866939292845954
0.03856435254343895 0.22210210446313913 0.09498257200513667 0.3158332678145557 0.27100532012474776 0.05751238304898184
0.04572280178837556 0.21806259314456036 0.11958271236959761 0.2568703427719821 0.28274217585692996 0.0770193740685544
0.03694056358039308 0.1970163390954298 0.11745204830689084 0.25365853658536586 0.3053753255979162 0.08955718683400427
0.0898555910543131 0.2979169329073482 0.1230108626198083 0.24483067092651759 0.2028370607028754 0.04154888178913738
0.04805884487251377 0.24391155677232795 0.10025178392760938 0.30488944596540996 0.25169596815867884 0.0511924003034601
0.026551585414914237 0.1778956222799254 0.09602823391727316 0.2947774567530995 0.31903595070036206 0.08571115093442563
0.027102455966261475 0.1702224427354668 0.10603241544695279 0.2642148350285289 0.3300835193913834 0.1023443314314066
0.08796704913209767 0.31900138696255204 0.10053377043668306 0.2843273231622746 0.18030513176144244 0.027865338544950196
0.033594781122268026 0.20345250623579142 0.09733067427946811 0.3042368496025955 0.2919920228384043 0.06939316592147264
0.042154966435316875 0.2218682443964046 0.10871543975423825 0.2816020025031289 0.27875753783138013 0.06690180907953124
0.05588111075915954 0.26283391405342627 0.0994298384542287 0.3060394889663182 0.23222996515679442 0.043585682610072854
0.03812517506457938 0.19451619930907846 0.12293423796333759 0.2412000871432573 0.30733559490834395 0.09588870561140332
0.0447736397618718 0.23483317181226637 0.10051225252665097 0.3036226867875767 0.26092574645807376 0.055332502653560385
0.10485739750445633 0.3174688057040998 0.12165775401069519 0.23810160427807486 0.18315508021390375 0.034759358288770054
0.05110803324099723 0.2296706678978147 0.1224068944290551 0.25347799322868575 0.271683594952293 0.0716528162511542
0.10047846889952153 0.3141395809272397 0.12011219270747402 0.24323378980366275 0.18668866523675962 0.035347302425342356
0.07857459052678176 0.3187883387086574 0.08755454372984253 0.3165433504078922 0.17510908745968506 0.02343008916714096
0.05866842452208306 0.24917600527356626 0.11997363216875412 0.26025049439683584 0.2519446275543836 0.05998681608437706
0.05842743188646017 0.20138816948099036 0.16906661141614007 0.16782347456749197 0.2852999067647364 0.11799440588418109
0.07606837606837606 0.3282051282051282 0.0735042735042735 0.34826210826210824 0.1568091168091168 0.01715099715099715
0.05239687848383501 0.23857302118171683 0.11817168338907469 0.26342437755481235 0.26342437755481235 0.0640096618357488
0.031870324189526185 0.17955112219451372 0.11581047381546135 0.24812967581047382 0.32169576059850374 0.10294264339152119
0.09008352758352758 0.3105736855736856 0.11153198653198654 0.2636946386946387 0.19044612794612795 0.03367003367003367
0.0881769014855891 0.2920859861710139 0.12675429588553433 0.239474224686794 0.2086328472650099 0.04487574450605874
0.033559898045879354 0.19275428621223015 0.10842428599437945 0.27205193560333746 0.3074308868701392 0.08577870727403437
0.03964365256124722 0.2182628062360802 0.10244988864142539 0.29586735956446425 0.2788913635238802 0.06488492947290275
0.05638883614961079 0.23808619707613443 0.12739700018986141 0.24457945699639264 0.26405923675716725 0.06948927283083349
0.03126959247648903 0.18761755485893417 0.10609326018808778 0.2748432601880878 0.3126959247648903 0.08748040752351097
0.048013431909249955 0.21781703256391444 0.12647440600485355 0.2427478977368926 0.28342457249280434 0.08152265929228512
0.06026469682979378 0.27256078793474914 0.0999846106494306 0.30318559556786706 0.22356109572176056 0.04044321329639889
0.05012212171745246 0.24245119342395607 0.10607239712298078 0.2908012869102363 0.25506426128994225 0.055488739535432145
0.06981740064446831 0.24979114452798662 0.14118629908103592 0.2195966105740542 0.24979114452798662 0.06981740064446831
0.039805359628498904 0.22426922132154262 0.09708624299633879 0.3107344632768362 0.2702038811102923 0.05790083166649121
0.0423247895583089 0.22131845266244207 0.10640310224155869 0.28709921498155677 0.27664806582805257 0.06620637472808096
0.04595889257893206 0.2339725440381996 0.10504889732327329 0.2924656800477495 0.26396902404309697 0.058584961968748565
0.0611827478879502 0.2743663850600267 0.09942196531791908 0.3041425818882466 0.22119460500963392 0.03969171483622351
0.05615438501344542 0.24868370505954399 0.11551759202765914 0.26969922943077307 0.25218629245474883 0.05775879601382957
0.07074108084209094 0.2697003707104717 0.12379689147365915 0.25102880658436216 0.23235724245825257 0.052375607931163484
0.02681577216267461 0.19044670842062786 0.08482540173907276 0.333762665767464 0.29817413944643756 0.06597531246372325
0.06242177867908063 0.27091051946720995 0.10486858818085545 0.2918016291773679 0.22643267298751876 0.043564811507967316
0.03793103448275862 0.19655172413793104 0.12413793103448276 0.23928035982008997 0.3076461769115442 0.0944527736131934
0.037036568231586145 0.19687859954685266 0.11598293735680923 0.2569649253825804 0.30426692657240867 0.08887004290976291
0.03920546891477773 0.20347142095011228 0.11612759146908848 0.25942606171139315 0.2975769531395392 0.08419250381508914
0.07633451957295374 0.3172343670564311 0.08525673614641587 0.3233350279613625 0.17488561260803254 0.022953736654804272
0.09369257522003839 0.3211060089700846 0.10468935634915089 0.27309015716147383 0.17855894891327137 0.02886295338598085
0.09545617114691289 0.3249949640908848 0.10300386840038972 0.2745906525304929 0.17453433256732703 0.027420011263992634
0.02458366375892149 0.1393074279672218 0.1294739624636532 0.1887390959555908 0.3550092519164684 0.16288659793814433
0.06981740064446831 0.24979114452798662 0.14118629908103592 0.2195966105740542 0.24979114452798662 0.06981740064446831
0.03896631823461092 0.2080350543765178 0.11013620525815648 0.2745380635624538 0.2915901171998733 0.0767342413683877
0.09823604291689399 0.34988179669030733 0.0834333515184579 0.3049645390070922 0.14657210401891252 0.01691216584833606
0.0729374456549537 0.28857858933046904 0.10782057183775766 0.28082110036997254 0.21100369972550423 0.03883859308134281
0.049449947576796084 0.24912758399449164 0.09889989515359217 0.3082953851931834 0.2460134891945605 0.04821369888737618
0.07699617455715017 0.32357886016422605 0.07992007992007992 0.3336906995443581 0.16583416583416583 0.01998001998001998
0.019305019305019305 0.1287001287001287 0.11840411840411841 0.19707207207207209 0.37001287001287003 0.1665057915057915
0.07432120525410214 0.259154811364304 0.13830206890763355 0.22437646005567446 0.24008281225957168 0.06376264215871418
0.06159420289855073 0.2898550724637681 0.08550724637681159 0.33535557802494104 0.1988540613414223 0.028833838894506237
0.04885255589480941 0.2111691125775633 0.13867822318526543 0.21776814734561215 0.2903575297941495 0.09317443120260022
0.049274118572552386 0.2577415433025817 0.09096760351855825 0.3282557391117786 0.2334263033683759 0.040334692126153184
0.048816070025810794 0.22219728425541466 0.1279317697228145 0.24071372461003254 0.2814498933901919 0.07889125799573561
0.05324929363181917 0.23255813953488372 0.12605955227124538 0.24651162790697675 0.26976744186046514 0.07185394479460987
0.04920324294101202 0.19988817444786133 0.1506849315068493 0.1938309570403504 0.2968036529680365 0.1095890410958904
0.037440435670524165 0.19238623867623186 0.12211342095617113 0.2419402698504128 0.30898395908606935 0.09713567576059066
0.0720687984496124 0.2713178294573643 0.12718023255813954 0.2441860465116279 0.23255813953488372 0.052688953488372096
0.03558781869688385 0.2016643059490085 0.10676345609065156 0.27992209631728043 0.2979815864022663 0.07808073654390935
0.03720747295968535 0.19555555555555557 0.11941002949852507 0.24888888888888888 0.30666666666666664 0.09227138643067846
0.09386903682205695 0.337928532559405 0.09178305822601125 0.2938508978777435 0.16161799383275893 0.020950480682024306
0.03905325443786982 0.18224852071005918 0.13964497041420118 0.2036895231465367 0.31625478593804385 0.11910894535328924
0.129040701478864 0.3458036532241479 0.1156916633948436 0.22968821084251 0.1542555511931248 0.025520219866509618
0.02631395753567699 0.15983292725374174 0.11695092238078664 0.23118691263487642 0.3424991298294466 0.12321615036547164
0.030537793080832924 0.18076733890801772 0.10862436464994261 0.26512543039842595 0.3193556320708313 0.0955894408919495
0.053541346224273055 0.22802314509631583 0.12975902732000294 0.23862887277521425 0.27309748773163406 0.07695012085255988
0.023922536548319728 0.18317827985570534 0.08202012530852477 0.33837098917790015 0.30529713309284223 0.0672109360167078
0.05009853749611036 0.22362825433046365 0.1263354423814957 0.24439373508972098 0.27793797323929054 0.07760605746291878
0.026928675400291122 0.18777292576419213 0.09024745269286755 0.3162491381291657 0.3063663525626293 0.07243545545085421
0.03178249025158912 0.21686875701084343 0.08039100475401956 0.35628438651781424 0.26643875861332195 0.04823460285241173
0.037353399769507155 0.20052877770998576 0.11402616771744288 0.2627618466544641 0.3007931665649786 0.08453664158362145
0.04495046442445029 0.2293768554992525 0.10543936099562413 0.290951380233683 0.26791968777576625 0.06136225107122388
0.0858824471492633 0.28539397821909035 0.13212684176809739 0.23134208840486867 0.21620755925688662 0.049047085201793725
0.030817099567099566 0.2216991341991342 0.06991341991341991 0.3912337662337662 0.24778138528138527 0.03855519480519481
0.0637678238524714 0.25848742883055376 0.12070338086360659 0.25848742883055376 0.2424749332392805 0.05607900438353403
0.03813446718044114 0.20648418814775446 0.11161307467446187 0.27039596066967847 0.2949774116396492 0.07839489768801489
0.04717449018292149 0.23779794030982876 0.10397642734194941 0.2954459258394842 0.25941593488344955 0.0561892814423666
0.03429143328709638 0.22012887819781224 0.0840693203167524 0.3459168085965621 0.2655522975084719 0.050041262093305006
0.03416124266262029 0.180230004392445 0.12368725791638382 0.23216068362416645 0.3207483129018089 0.10901249850257556
0.05471847739888977 0.26508062384351044 0.09727729315358181 0.3111816019032514 0.23050489029870475 0.041237113402061855
0.027240263989380595 0.18628825695963505 0.090800879964602 0.3141137098734272 0.30717744498663224 0.07437944422632291
0.03817697543651968 0.22179004777406672 0.09635141419693062 0.3120534393100241 0.27336912865175667 0.058258994630702235
0.07171292179136533 0.24948403443126332 0.14342584358273067 0.2156798999949662 0.2485318052922127 0.07116549490746178
0.05017921146953405 0.25507765830346474 0.0961768219832736 0.3149428230073391 0.23946065881549752 0.044162826420890935
0.03108140367629506 0.18949629983289568 0.10327047027930293 0.28274051086178087 0.3098114108379088 0.08359990451181666
0.04297214969538729 0.2349869451697128 0.09573542210617929 0.31576370757180156 0.2584856396866841 0.05205613577023499
0.035072159961299684 0.17898895428525358 0.13061356123518503 0.21776989438039185 0.32218011771345645 0.11537531242441344
0.03491653071485004 0.20438944808692708 0.10134310134310134 0.29427155477575645 0.29304029304029305 0.07203907203907203
0.02232528041415013 0.16967213114754098 0.08731665228645384 0.3135245901639344 0.32459016393442625 0.0825711820534944
0.037791652974038775 0.19826925183481214 0.11720889473107679 0.25491760950190134 0.3030687135189271 0.08874387743924385
0.050192435301924354 0.21887193098871932 0.1316522893165229 0.232992700729927 0.28241539482415395 0.08387524883875248
0.0692462311557789 0.274321608040201 0.1171859296482412 0.2639698492462312 0.2277386934673367 0.047537688442211054
0.033522727272727273 0.16183385579937304 0.1398706896551724 0.1906347962382445 0.33189655172413796 0.14224137931034483
0.0439297124600639 0.18382895060211354 0.15003686409437209 0.1880068812976161 0.30916687146719096 0.1250307200786434
0.041228462743343026 0.2148877452077273 0.1111919146714403 0.2742224211232938 0.28544790035056317 0.07302155590363243
0.0427384101611602 0.24494850002814206 0.0854768203223204 0.34400855518658185 0.2413463162041988 0.04148139809759667
0.02508361204013378 0.1254180602006689 0.1505016722408027 0.14214046822742474 0.3511705685618729 0.205685618729097
0.07719689342729757 0.31152020710484685 0.09154321875449446 0.3101538904070186 0.18308643750898893 0.02649935279735366
0.14256891162262006 0.34612105711849955 0.12526285876669507 0.207871554418869 0.151179312304632 0.026996305768684285
0.06164336068415578 0.2583150352478909 0.11643745907007204 0.26746793019761933 0.24204322200392928 0.05409299279633268
0.05140123034859877 0.22091592617908407 0.13342447026657553 0.23012075643654592 0.280747322852586 0.08339029391660971
0.0403212534149633 0.2139495079161318 0.11026628484908331 0.27599486521181 0.2866923406076166 0.07277574800039498
0.09574468085106383 0.328503301540719 0.10069699192956713 0.2779643320729161 0.17127095208533213 0.02581974152040183
0.028299604934290092 0.1915665564782714 0.09360638555188261 0.30863500765943724 0.30508747883576554 0.07280496654035314
0.12384395402795015 0.3395456752819295 0.11810284357632332 0.23008687206604436 0.16083742513354557 0.02758322991420709
0.07393669634025717 0.28762187367528613 0.11049879892609862 0.2751165748198389 0.2125900805426028 0.040235975695916346
